ID,filename,session,trial,visStimLeft,visStimRight,correctKey,leftCorrect,rightCorrect,secondStim,mod2Type,mod2Stim,frequency,rewardAccurate,stimPairLeft,stimPairRight,pCorrectLeft,pCorrectRight,key,reactionTime,choiceLeft,choiceRight,choiceAccurate,reward,chosenPair,otherPair,triplet,surprise,0 belief,1 belief,2 belief,3 belief,beliefPair,beliefOtherPair,beliefPairNorm,beliefOtherPairNorm,prob,lik,rewardPE,update2,fitCBCuniVsimpleRW_CBCsimpleSigmoid_startBelief,fitCBCuniVsimpleRW_CBCsimpleSigmoid_alpha1,fitCBCuniVsimpleRW_CBCsimpleSigmoid_beta,fit_CBCuniVsimpleRW_CBCsimpleSigmoid_NLL
CBC_1127,CBC_1127_MSI_AV_v3_Vset1_Aset1_2024-06-26_16h04.31.880.csv,1,1,1,3,b,1,0,3,aud,B,27,1,1,3,1,0,b,2.65296259999741,1,0,1,1,1,3,B13,2.77258872223978,0.5,0.5,0.5,0.5,0.5,0.5,0.5,0.5,0.5,0.5,0.5,0.00247197357603292,0.5,0.00494394715206583,1.46095642114989,29.8051449898521
CBC_1127,CBC_1127_MSI_AV_v3_Vset1_Aset1_2024-06-26_16h04.31.880.csv,1,2,3,2,z,0,1,2,aud,C,63,1,3,2,0,1,z,3.68755939999755,0,1,1,1,2,3,C32,2.83321334405622,0.5,0.502471973576033,0.5,0.5,0.5,0.5,0.5,0.5,0.5,0.5,0.5,0.00247197357603292,0.5,0.00494394715206583,1.46095642114989,29.8051449898521
CBC_1127,CBC_1127_MSI_AV_v3_Vset1_Aset1_2024-06-26_16h04.31.880.csv,1,3,3,2,b,1,0,1,aud,D,63,1,3,2,1,0,b,3.32977739999842,1,0,1,1,3,2,D32,2.89037175789616,0.5,0.502471973576033,0.502471973576033,0.5,0.5,0.502471973576033,0.498767061004601,0.501232938995399,0.499099365902951,0.499099365902951,0.501232938995399,0.00247806916126789,0.5,0.00494394715206583,1.46095642114989,29.8051449898521
CBC_1127,CBC_1127_MSI_AV_v3_Vset1_Aset1_2024-06-26_16h04.31.880.csv,1,4,0,1,z,0,1,3,aud,B,63,0,0,1,1,0,z,2.38271170000007,0,1,1,0,1,0,B01,2.94443897916644,0.5,0.502471973576033,0.502471973576033,0.501245130165869,0.502471973576033,0.5,0.501232938995399,0.498767061004601,0.500900634097049,0.500900634097049,-0.501232938995399,-0.00247806916126789,0.5,0.00494394715206583,1.46095642114989,29.8051449898521
CBC_1127,CBC_1127_MSI_AV_v3_Vset1_Aset1_2024-06-26_16h04.31.880.csv,1,5,0,3,b,1,0,0,aud,A,9,1,0,3,1,0,b,3.22346639999887,1,0,1,1,0,3,A03,2.99573227355399,0.5,0.498754869834131,0.502471973576033,0.501245130165869,0.5,0.501245130165869,0.499378209127638,0.500621790872362,0.499545795441143,0.499545795441143,0.500621790872362,0.00247504767724551,0.5,0.00494394715206583,1.46095642114989,29.8051449898521
CBC_1127,CBC_1127_MSI_AV_v3_Vset1_Aset1_2024-06-26_16h04.31.880.csv,1,6,3,2,b,1,0,1,aud,D,63,1,3,2,1,0,b,2.8236971999977,1,0,1,1,3,2,D32,2.35137525716348,0.501853256804883,0.498754869834131,0.502471973576033,0.501245130165869,0.501245130165869,0.502471973576033,0.499388850002859,0.500611149997141,0.499553568362328,0.499553568362328,0.500611149997141,0.00247499506932076,0.5,0.00494394715206583,1.46095642114989,29.8051449898521
CBC_1127,CBC_1127_MSI_AV_v3_Vset1_Aset1_2024-06-26_16h04.31.880.csv,1,7,0,2,z,0,1,2,aud,C,27,1,0,2,0,1,b,3.27912129999822,1,0,0,0,0,2,C02,3.09104245335832,0.501853256804883,0.498754869834131,0.502471973576033,0.50186384507218,0.501853256804883,0.502471973576033,0.499691973898278,0.500308026101722,0.499774993659593,0.499774993659593,-0.499691973898278,-0.00247045071126455,0.5,0.00494394715206583,1.46095642114989,29.8051449898521
CBC_1127,CBC_1127_MSI_AV_v3_Vset1_Aset1_2024-06-26_16h04.31.880.csv,1,8,0,1,b,1,0,0,aud,A,63,1,0,1,1,0,b,3.43438419999802,1,0,1,1,0,1,A01,3.13549421592915,0.497221523187014,0.498754869834131,0.502471973576033,0.50186384507218,0.497221523187014,0.498754869834131,0.499230229422172,0.500769770577828,0.499437699602808,0.499437699602808,0.500769770577828,0.00247577928108891,0.5,0.00494394715206583,1.46095642114989,29.8051449898521
CBC_1127,CBC_1127_MSI_AV_v3_Vset1_Aset1_2024-06-26_16h04.31.880.csv,1,9,1,0,b,1,0,3,aud,B,63,1,1,0,1,0,b,2.51566019999518,1,0,1,1,1,0,B10,3.17805383034795,0.501706008703261,0.498754869834131,0.502471973576033,0.50186384507218,0.498754869834131,0.501706008703261,0.498525110310438,0.501474889689562,0.498922626886168,0.498922626886168,0.501474889689562,0.00247926535271324,0.5,0.00494394715206583,1.46095642114989,29.8051449898521
CBC_1127,CBC_1127_MSI_AV_v3_Vset1_Aset1_2024-06-26_16h04.31.880.csv,1,10,1,3,z,0,1,1,aud,D,27,1,1,3,0,1,b,3.66134969999985,1,0,0,0,1,3,D13,3.2188758248682,0.501706008703261,0.501004375663151,0.502471973576033,0.50186384507218,0.501004375663151,0.50186384507218,0.499571494344292,0.500428505655708,0.499686985996289,0.499686985996289,-0.499571494344292,-0.00246985506671673,0.5,0.00494394715206583,1.46095642114989,29.8051449898521
CBC_1127,CBC_1127_MSI_AV_v3_Vset1_Aset1_2024-06-26_16h04.31.880.csv,1,11,3,2,z,0,1,2,aud,C,63,1,3,2,0,1,b,2.78124720000051,1,0,0,0,3,2,C32,2.56494935746154,0.501706008703261,0.497101639277576,0.502471973576033,0.50186384507218,0.50186384507218,0.502471973576033,0.499697248424003,0.500302751575997,0.499778846584938,0.499778846584938,-0.499697248424003,-0.00247047678824098,0.5,0.00494394715206583,1.46095642114989,29.8051449898521
CBC_1127,CBC_1127_MSI_AV_v3_Vset1_Aset1_2024-06-26_16h04.31.880.csv,1,12,1,0,b,1,0,3,aud,B,63,1,1,0,1,0,z,2.39244589999726,0,1,0,0,0,1,B10,2.60268968544438,0.501706008703261,0.497101639277576,0.502471973576033,0.497226771635762,0.501706008703261,0.497101639277576,0.502304933004365,0.497695066995635,0.501683696972475,0.501683696972475,-0.502304933004365,-0.00248336904299555,0.5,0.00494394715206583,1.46095642114989,29.8051449898521
CBC_1127,CBC_1127_MSI_AV_v3_Vset1_Aset1_2024-06-26_16h04.31.880.csv,1,13,0,1,b,1,0,0,aud,A,63,1,0,1,1,0,z,3.22785310000108,0,1,0,0,1,0,A01,2.63905732961526,0.499821563961369,0.497101639277576,0.502471973576033,0.497226771635762,0.497101639277576,0.499821563961369,0.498635840416315,0.501364159583685,0.499003512467707,0.499003512467707,-0.498635840416315,-0.00246522924314419,0.5,0.00494394715206583,1.46095642114989,29.8051449898521
CBC_1127,CBC_1127_MSI_AV_v3_Vset1_Aset1_2024-06-26_16h04.31.880.csv,1,14,1,2,z,0,1,2,aud,C,9,1,1,2,0,1,z,3.11704129999998,0,1,1,1,2,1,C12,3.36729582998647,0.499821563961369,0.49617061117317,0.502471973576033,0.497226771635762,0.502471973576033,0.49617061117317,0.503154963797406,0.496845036202595,0.502304615988412,0.502304615988412,0.496845036202594,0.00245637560175186,0.5,0.00494394715206583,1.46095642114989,29.8051449898521
CBC_1127,CBC_1127_MSI_AV_v3_Vset1_Aset1_2024-06-26_16h04.31.880.csv,1,15,1,0,z,0,1,0,aud,A,63,1,1,0,0,1,z,2.77684469999804,0,1,1,1,0,1,A10,3.40119738166216,0.499821563961369,0.49617061117317,0.505611339399157,0.497226771635762,0.499821563961369,0.49617061117317,0.50183282202378,0.49816717797622,0.501338833352453,0.501338833352453,0.49816717797622,0.0024629122008082,0.5,0.00494394715206583,1.46095642114989,29.8051449898521
CBC_1127,CBC_1127_MSI_AV_v3_Vset1_Aset1_2024-06-26_16h04.31.880.csv,1,16,3,1,b,1,0,1,aud,D,27,1,3,1,1,0,b,2.53046790000008,1,0,1,1,3,1,D31,3.43398720448515,0.504295734224588,0.49617061117317,0.505611339399157,0.497226771635762,0.497226771635762,0.49617061117317,0.500531590117343,0.499468409882657,0.500388314919605,0.500388314919605,0.499468409882657,0.00246934542258621,0.5,0.00494394715206583,1.46095642114989,29.8051449898521
CBC_1127,CBC_1127_MSI_AV_v3_Vset1_Aset1_2024-06-26_16h04.31.880.csv,1,17,0,1,z,0,1,3,aud,B,63,1,0,1,0,1,z,3.87127779999719,0,1,1,1,1,0,B01,2.77258872223978,0.504295734224588,0.49617061117317,0.505611339399157,0.503000935539929,0.49617061117317,0.504295734224588,0.495939332148056,0.504060667851944,0.497033805411175,0.497033805411175,0.504060667851944,0.00249204930329502,0.5,0.00494394715206583,1.46095642114989,29.8051449898521
CBC_1127,CBC_1127_MSI_AV_v3_Vset1_Aset1_2024-06-26_16h04.31.880.csv,1,18,2,3,b,1,0,2,aud,C,63,0,2,3,0,1,b,2.68908079999892,1,0,1,0,2,3,C23,3.49650756146648,0.504295734224588,0.498431381451351,0.505611339399157,0.503000935539929,0.505611339399157,0.503000935539929,0.50129405715362,0.49870594284638,0.500945279427746,0.500945279427746,-0.50129405715362,-0.00247837132621217,0.5,0.00494394715206583,1.46095642114989,29.8051449898521
CBC_1127,CBC_1127_MSI_AV_v3_Vset1_Aset1_2024-06-26_16h04.31.880.csv,1,19,2,0,z,0,1,0,aud,A,27,1,2,0,0,1,b,3.70147970000107,1,0,0,0,2,0,A20,3.52636052461616,0.504295734224588,0.498431381451351,0.498815685827408,0.503000935539929,0.498815685827408,0.504295734224588,0.497268474723926,0.502731525276074,0.498004690896083,0.498004690896083,-0.497268474723926,-0.00245846905942348,0.5,0.00494394715206583,1.46095642114989,29.8051449898521
CBC_1127,CBC_1127_MSI_AV_v3_Vset1_Aset1_2024-06-26_16h04.31.880.csv,1,20,3,2,b,1,0,1,aud,D,63,1,3,2,1,0,z,3.22655649999797,0,1,0,0,2,3,D32,2.4567357728213,0.504295734224588,0.498431381451351,0.494810005664503,0.503000935539929,0.494810005664503,0.503000935539929,0.495895550180308,0.504104449819692,0.49700182477544,0.49700182477544,-0.495895550180308,-0.00245168139303605,0.5,0.00494394715206583,1.46095642114989,29.8051449898521
CBC_1127,CBC_1127_MSI_AV_v3_Vset1_Aset1_2024-06-26_16h04.31.880.csv,1,21,3,1,z,0,1,3,aud,B,27,1,3,1,0,1,z,2.40813069999786,0,1,1,1,1,3,B31,3.58351893845611,0.504295734224588,0.498431381451351,0.493443868787272,0.503000935539929,0.498431381451351,0.503000935539929,0.497718490800103,0.502281509199897,0.49833341341424,0.49833341341424,0.502281509199897,0.00248325323694416,0.5,0.00494394715206583,1.46095642114989,29.8051449898521
CBC_1127,CBC_1127_MSI_AV_v3_Vset1_Aset1_2024-06-26_16h04.31.880.csv,1,22,3,2,z,0,1,2,aud,C,63,1,3,2,0,1,b,2.6313018999972,1,0,0,0,3,2,C32,2.51230562397611,0.504295734224588,0.500201744037048,0.493443868787272,0.503000935539929,0.503000935539929,0.493443868787272,0.504795582610875,0.495204417389125,0.503503011288222,0.503503011288222,-0.504795582610875,-0.00249568268302445,0.5,0.00494394715206583,1.46095642114989,29.8051449898521
CBC_1127,CBC_1127_MSI_AV_v3_Vset1_Aset1_2024-06-26_16h04.31.880.csv,1,23,0,1,b,1,0,0,aud,A,63,0,0,1,0,1,b,2.23618539999734,1,0,1,0,0,1,A01,2.53897387105828,0.504295734224588,0.500201744037048,0.493443868787272,0.502299899927851,0.504295734224588,0.500201744037048,0.502037829997655,0.497962170002345,0.501488586012066,0.501488586012066,-0.502037829997655,-0.00248204849984622,0.5,0.00494394715206583,1.46095642114989,29.8051449898521
CBC_1127,CBC_1127_MSI_AV_v3_Vset1_Aset1_2024-06-26_16h04.31.880.csv,1,24,2,1,z,0,1,3,aud,B,9,1,2,1,0,1,z,3.66848489999757,0,1,1,1,1,2,B21,3.66356164612965,0.499555781497809,0.500201744037048,0.493443868787272,0.502299899927851,0.500201744037048,0.493443868787272,0.503400546010849,0.496599453989151,0.502484004328686,0.502484004328686,0.496599453989151,0.00245516145626711,0.5,0.00494394715206583,1.46095642114989,29.8051449898521
CBC_1127,CBC_1127_MSI_AV_v3_Vset1_Aset1_2024-06-26_16h04.31.880.csv,1,25,2,3,b,1,0,2,aud,C,63,1,2,3,1,0,b,2.6794536999987,1,0,1,1,2,3,C23,2.99573227355399,0.499555781497809,0.505855707467116,0.493443868787272,0.502299899927851,0.493443868787272,0.502299899927851,0.495553057212697,0.504446942787303,0.496751650892478,0.496751650892478,0.504446942787303,0.0024939590261616,0.5,0.00494394715206583,1.46095642114989,29.8051449898521
CBC_1127,CBC_1127_MSI_AV_v3_Vset1_Aset1_2024-06-26_16h04.31.880.csv,1,26,2,3,z,0,1,1,aud,D,63,1,2,3,0,1,z,3.33417030000055,0,1,1,1,3,2,D23,3.71357206670431,0.499555781497809,0.505855707467116,0.498047016238859,0.502299899927851,0.502299899927851,0.498047016238859,0.502125704403273,0.497874295596727,0.501552775756796,0.501552775756796,0.497874295596727,0.00246146420580222,0.5,0.00494394715206583,1.46095642114989,29.8051449898521
CBC_1127,CBC_1127_MSI_AV_v3_Vset1_Aset1_2024-06-26_16h04.31.880.csv,1,27,0,1,z,0,1,3,aud,B,63,1,0,1,0,1,z,4.07322940000086,0,1,1,1,1,0,B01,2.63905732961526,0.499555781497809,0.505855707467116,0.498047016238859,0.504587168609075,0.505855707467116,0.499555781497809,0.503133008742417,0.496866991257583,0.502288578637487,0.502288578637487,0.496866991257583,0.00245648414638344,0.5,0.00494394715206583,1.46095642114989,29.8051449898521
CBC_1127,CBC_1127_MSI_AV_v3_Vset1_Aset1_2024-06-26_16h04.31.880.csv,1,28,0,2,b,1,0,0,aud,A,27,1,0,2,1,0,b,3.0904045999996,1,0,1,1,0,2,A02,3.76120011569356,0.499555781497809,0.505589492888801,0.498047016238859,0.504587168609075,0.499555781497809,0.498047016238859,0.500756195382758,0.499243804617242,0.500552384025311,0.500552384025311,0.499243804617242,0.00246823498602392,0.5,0.00494394715206583,1.46095642114989,29.8051449898521
CBC_1127,CBC_1127_MSI_AV_v3_Vset1_Aset1_2024-06-26_16h04.31.880.csv,1,29,1,3,z,0,1,1,aud,D,27,1,1,3,0,1,z,2.42395529999703,0,1,1,1,3,1,D13,3.09104245335832,0.503224430368782,0.505589492888801,0.498047016238859,0.504587168609075,0.504587168609075,0.505589492888801,0.499503886637888,0.500496113362112,0.499637600062463,0.499637600062463,0.500496113362112,0.00247442633427663,0.5,0.00494394715206583,1.46095642114989,29.8051449898521
CBC_1127,CBC_1127_MSI_AV_v3_Vset1_Aset1_2024-06-26_16h04.31.880.csv,1,30,1,0,z,0,1,0,aud,A,63,1,1,0,0,1,z,2.28555859999688,0,1,1,1,0,1,A10,3.11351530921037,0.503224430368782,0.505589492888801,0.498047016238859,0.501978312972165,0.503224430368782,0.505589492888801,0.498827800417156,0.501172199582844,0.499143734583363,0.499143734583363,0.501172199582844,0.00247776886882217,0.5,0.00494394715206583,1.46095642114989,29.8051449898521
CBC_1127,CBC_1127_MSI_AV_v3_Vset1_Aset1_2024-06-26_16h04.31.880.csv,1,31,2,0,b,1,0,2,aud,C,27,1,2,0,1,0,b,3.17107289999694,1,0,1,1,2,0,C20,3.8286413964891,0.501305569285978,0.505589492888801,0.498047016238859,0.501978312972165,0.498047016238859,0.501305569285978,0.498369667975888,0.501630332024112,0.498809080232484,0.498809080232484,0.501630332024112,0.00248003385140044,0.5,0.00494394715206583,1.46095642114989,29.8051449898521
CBC_1127,CBC_1127_MSI_AV_v3_Vset1_Aset1_2024-06-26_16h04.31.880.csv,1,32,2,3,z,0,1,1,aud,D,63,1,2,3,0,1,z,2.52231889999894,0,1,1,1,3,2,D23,3.15700042115011,0.501305569285978,0.505589492888801,0.500849701827289,0.501978312972165,0.501978312972165,0.500849701827289,0.500562714208329,0.499437285791671,0.500411050375362,0.500411050375362,0.499437285791671,0.00246919154672522,0.5,0.00494394715206583,1.46095642114989,29.8051449898521
CBC_1127,CBC_1127_MSI_AV_v3_Vset1_Aset1_2024-06-26_16h04.31.880.csv,1,33,1,0,b,1,0,3,aud,B,63,1,1,0,1,0,b,2.3226399999985,1,0,1,1,1,0,B10,2.77258872223978,0.501305569285978,0.505589492888801,0.500849701827289,0.503031905755054,0.505589492888801,0.501305569285978,0.502127293977174,0.497872706022826,0.501553936894688,0.501553936894688,0.497872706022826,0.00246145634703286,0.5,0.00494394715206583,1.46095642114989,29.8051449898521
CBC_1127,CBC_1127_MSI_AV_v3_Vset1_Aset1_2024-06-26_16h04.31.880.csv,1,34,0,1,b,1,0,0,aud,A,63,1,0,1,1,0,b,3.23395019999589,1,0,1,1,0,1,A01,2.50552593699074,0.501305569285978,0.504588750324207,0.500849701827289,0.503031905755054,0.501305569285978,0.504588750324207,0.498368028840494,0.501631971159506,0.498807882886594,0.498807882886594,0.501631971159506,0.00248004195519921,0.5,0.00494394715206583,1.46095642114989,29.8051449898521
CBC_1127,CBC_1127_MSI_AV_v3_Vset1_Aset1_2024-06-26_16h04.31.880.csv,1,35,2,3,z,0,1,1,aud,D,63,0,2,3,NaN,NaN,[],NaN,NaN,NaN,NaN,NaN,,,D23,2.81341071676004,0.500848070795693,0.504588750324207,0.500849701827289,0.503031905755054,0,0,0,0,0,NaN,0,0,0.5,0.00494394715206583,1.46095642114989,29.8051449898521
CBC_1127,CBC_1127_MSI_AV_v3_Vset1_Aset1_2024-06-26_16h04.31.880.csv,1,36,2,0,b,1,0,2,aud,C,27,1,2,0,1,0,b,2.16909160000068,1,0,1,1,2,0,C20,3.23867845216438,0.500848070795693,0.504588750324207,0.500849701827289,0.503031905755054,0.500849701827289,0.500848070795693,0.500000814133584,0.499999185866416,0.500000594706844,0.500000594706844,0.499999185866416,0.0024719695509995,0.5,0.00494394715206583,1.46095642114989,29.8051449898521
CBC_1127,CBC_1127_MSI_AV_v3_Vset1_Aset1_2024-06-26_16h04.31.880.csv,1,37,0,1,b,1,0,0,aud,A,63,1,0,1,1,0,b,2.18586909999794,1,0,1,1,0,1,A01,2.34180580614733,0.500848070795693,0.504588750324207,0.502472783684583,0.503031905755054,0.500848070795693,0.504588750324207,0.498139773952009,0.501860226047991,0.498641148750663,0.498641148750663,0.501860226047991,0.00248117043530508,0.5,0.00494394715206583,1.46095642114989,29.8051449898521
CBC_1127,CBC_1127_MSI_AV_v3_Vset1_Aset1_2024-06-26_16h04.31.880.csv,1,38,1,3,b,1,0,3,aud,B,27,1,1,3,1,0,b,2.05673409999872,1,0,1,1,1,3,B13,3.27714473299218,0.500620944387314,0.504588750324207,0.502472783684583,0.503031905755054,0.504588750324207,0.503031905755054,0.500772535060571,0.499227464939429,0.500564319789037,0.500564319789037,0.499227464939429,0.00246815420352033,0.5,0.00494394715206583,1.46095642114989,29.8051449898521
CBC_1127,CBC_1127_MSI_AV_v3_Vset1_Aset1_2024-06-26_16h04.31.880.csv,1,39,3,2,z,0,1,2,aud,C,63,1,3,2,0,1,b,2.86034049999944,1,0,0,0,3,2,C32,2.60268968544438,0.500620944387314,0.503240689264091,0.502472783684583,0.503031905755054,0.503031905755054,0.502472783684583,0.500278030563329,0.499721969436671,0.500203095257216,0.500203095257216,-0.500278030563329,-0.00247334814444467,0.5,0.00494394715206583,1.46095642114989,29.8051449898521
CBC_1127,CBC_1127_MSI_AV_v3_Vset1_Aset1_2024-06-26_16h04.31.880.csv,1,40,3,2,b,1,0,1,aud,D,63,1,3,2,1,0,z,2.95267719999902,0,1,0,0,2,3,D32,2.62103882411258,0.500620944387314,0.503240689264091,0.502472783684583,0.497804682418885,0.502472783684583,0.497804682418885,0.502333403192558,0.497666596807442,0.501704493585853,0.501704493585853,-0.502333403192558,-0.00248350979810138,0.5,0.00494394715206583,1.46095642114989,29.8051449898521
CBC_1127,CBC_1127_MSI_AV_v3_Vset1_Aset1_2024-06-26_16h04.31.880.csv,1,41,0,1,z,0,1,3,aud,B,63,1,0,1,0,1,z,1.70952559999932,0,1,1,1,1,0,B01,2.63905732961526,0.500620944387314,0.503240689264091,0.499849893394456,0.497804682418885,0.503240689264091,0.500620944387314,0.501304833648861,0.498695166351139,0.500953151394334,0.500953151394334,0.498695166351139,0.00246552254743071,0.5,0.00494394715206583,1.46095642114989,29.8051449898521
CBC_1127,CBC_1127_MSI_AV_v3_Vset1_Aset1_2024-06-26_16h04.31.880.csv,1,42,2,0,z,0,1,0,aud,A,27,1,2,0,0,1,z,2.64115239999956,0,1,1,1,0,2,A20,3.3499040872746,0.500620944387314,0.503770356196292,0.499849893394456,0.497804682418885,0.500620944387314,0.499849893394456,0.500385344061885,0.499614655938115,0.500281485411044,0.500281485411044,0.499614655938115,0.00247006845535559,0.5,0.00494394715206583,1.46095642114989,29.8051449898521
CBC_1127,CBC_1127_MSI_AV_v3_Vset1_Aset1_2024-06-26_16h04.31.880.csv,1,43,3,0,b,1,0,1,aud,D,9,1,3,0,1,0,b,2.58048989999952,1,0,1,1,3,0,D30,4.06044301054642,0.502855412517241,0.503770356196292,0.499849893394456,0.497804682418885,0.497804682418885,0.502855412517241,0.497476300831863,0.502523699168137,0.498156501101177,0.498156501101177,0.502523699168137,0.0024844506113479,0.5,0.00494394715206583,1.46095642114989,29.8051449898521
CBC_1127,CBC_1127_MSI_AV_v3_Vset1_Aset1_2024-06-26_16h04.31.880.csv,1,44,3,2,z,0,1,2,aud,C,63,1,3,2,0,1,z,2.46626649999962,0,1,1,1,2,3,C32,2.46809953147162,0.502855412517241,0.503770356196292,0.499849893394456,0.499960751443211,0.499849893394456,0.499960751443211,0.499944560477863,0.500055439522137,0.499959502637163,0.499959502637163,0.500055439522137,0.0024722476661005,0.5,0.00494394715206583,1.46095642114989,29.8051449898521
CBC_1127,CBC_1127_MSI_TV_v3_Vset3_Tset3_2024-06-26_17h06.56.696.csv,2,1,0,1,z,0,1,3,tac,B,63,1,0,1,0,1,z,2.89067149999755,0,1,1,1,1,0,B01,2.77258872223978,0.5,0.5,0.5,0.5,0.5,0.5,0.5,0.5,0.5,0.5,0.5,1.75589904618522e-06,0.5,3.51179809237044e-06,1.00366658393123,29.8053348899949
CBC_1127,CBC_1127_MSI_TV_v3_Vset3_Tset3_2024-06-26_17h06.56.696.csv,2,2,0,1,b,1,0,0,tac,A,63,1,0,1,1,0,b,2.46520139999484,1,0,1,1,0,1,A01,2.83321334405622,0.5,0.500001755899046,0.5,0.5,0.5,0.500001755899046,0.499999122052019,0.500000877947982,0.499999559416474,0.499999559416474,0.500000877947981,1.75590212936127e-06,0.5,3.51179809237044e-06,1.00366658393123,29.8053348899949
CBC_1127,CBC_1127_MSI_TV_v3_Vset3_Tset3_2024-06-26_17h06.56.696.csv,2,3,2,3,z,0,1,1,tac,D,63,1,2,3,0,1,b,2.54071209999529,1,0,0,0,2,3,D23,2.89037175789616,0.500000877954148,0.500001755899046,0.5,0.5,0.5,0.5,0.5,0.5,0.5,0.5,-0.5,-1.75589904618522e-06,0.5,3.51179809237044e-06,1.00366658393123,29.8053348899949
CBC_1127,CBC_1127_MSI_TV_v3_Vset3_Tset3_2024-06-26_17h06.56.696.csv,2,4,2,1,z,0,1,3,tac,B,9,1,2,1,0,1,b,4.14825919999566,1,0,0,0,2,1,B21,2.94443897916644,0.500000877954148,0.500001755899046,0.499998244100954,0.5,0.499998244100954,0.500001755899046,0.499998244100954,0.500001755899046,0.499999118831401,0.499999118831401,-0.499998244100954,-1.7558928798223e-06,0.5,3.51179809237044e-06,1.00366658393123,29.8053348899949
CBC_1127,CBC_1127_MSI_TV_v3_Vset3_Tset3_2024-06-26_17h06.56.696.csv,2,5,0,2,b,1,0,0,tac,A,27,1,0,2,1,0,z,3.26431399999274,0,1,0,0,2,0,A02,2.99573227355399,0.500000877954148,0.500001755899046,0.499996488208074,0.5,0.499996488208074,0.500000877954148,0.499997805121182,0.500002194878818,0.499998898536737,0.499998898536737,-0.499997805121182,-1.75589133821398e-06,0.5,3.51179809237044e-06,1.00366658393123,29.8053348899949
CBC_1127,CBC_1127_MSI_TV_v3_Vset3_Tset3_2024-06-26_17h06.56.696.csv,2,6,2,3,b,1,0,2,tac,C,63,1,2,3,1,0,b,2.39797499999986,1,0,1,1,2,3,C23,3.04452243772342,0.500000877954148,0.500001755899046,0.499996049229844,0.5,0.499996049229844,0.5,0.499998024607118,0.500001975392882,0.499999008682087,0.499999008682087,0.500001975392882,1.75590598336618e-06,0.5,3.51179809237044e-06,1.00366658393123,29.8053348899949
CBC_1127,CBC_1127_MSI_TV_v3_Vset3_Tset3_2024-06-26_17h06.56.696.csv,2,7,1,3,z,0,1,1,tac,D,27,1,1,3,0,1,b,2.53561269999773,1,0,0,0,1,3,D13,3.09104245335832,0.500000877954148,0.500001755899046,0.499999780513101,0.5,0.500001755899046,0.5,0.500000877947982,0.499999122052019,0.500000440583526,0.500000440583526,-0.500000877947982,-1.75590212936127e-06,0.5,3.51179809237044e-06,1.00366658393123,29.8053348899949
CBC_1127,CBC_1127_MSI_TV_v3_Vset3_Tset3_2024-06-26_17h06.56.696.csv,2,8,1,0,z,0,1,0,tac,A,63,1,1,0,0,1,b,2.80352129999665,1,0,0,0,1,0,A10,3.13549421592915,0.500000877954148,0.499999122045852,0.499999780513101,0.5,0.499999122045852,0.500000877954148,0.499999122045852,0.500000877954148,0.49999955941338,0.49999955941338,-0.499999122045852,-1.75589596298752e-06,0.5,3.51179809237044e-06,1.00366658393123,29.8053348899949
CBC_1127,CBC_1127_MSI_TV_v3_Vset3_Tset3_2024-06-26_17h06.56.696.csv,2,9,2,0,b,1,0,2,tac,C,27,1,2,0,1,0,z,3.76871739999478,0,1,0,0,0,2,C20,3.17805383034795,0.500000877954148,0.499997366149889,0.499999780513101,0.5,0.500000877954148,0.499999780513101,0.500000548720162,0.499999451279838,0.500000275366045,0.500000275366045,-0.500000548720162,-1.75590097317964e-06,0.5,3.51179809237044e-06,1.00366658393123,29.8053348899949
CBC_1127,CBC_1127_MSI_TV_v3_Vset3_Tset3_2024-06-26_17h06.56.696.csv,2,10,2,3,z,0,1,1,tac,D,63,1,2,3,0,1,z,2.41308659999777,0,1,1,1,3,2,D23,2.52572864430826,0.499998792819189,0.499997366149889,0.499999780513101,0.5,0.5,0.499999780513101,0.500000109743474,0.499999890256526,0.500000055072929,0.500000055072929,0.499999890256526,1.7558986607883e-06,0.5,3.51179809237044e-06,1.00366658393123,29.8053348899949
CBC_1127,CBC_1127_MSI_TV_v3_Vset3_Tset3_2024-06-26_17h06.56.696.csv,2,11,1,0,b,1,0,3,tac,B,63,1,1,0,1,0,z,2.71140229999583,0,1,0,0,0,1,B10,3.25809653802148,0.499998792819189,0.499997366149889,0.499999780513101,0.500001865642134,0.499998792819189,0.499997366149889,0.50000071333739,0.49999928666261,0.500000357976451,0.500000357976451,-0.50000071333739,-1.75590155128211e-06,0.5,3.51179809237044e-06,1.00366658393123,29.8053348899949
CBC_1127,CBC_1127_MSI_TV_v3_Vset3_Tset3_2024-06-26_17h06.56.696.csv,2,12,0,1,b,1,0,0,tac,A,63,1,0,1,1,0,z,2.85999599999923,0,1,0,0,1,0,A01,2.60268968544438,0.499998957435839,0.499997366149889,0.499999780513101,0.500001865642134,0.499997366149889,0.499998957435839,0.4999992043541,0.5000007956459,0.499999600718399,0.499999600718399,-0.4999992043541,-1.75589625203747e-06,0.5,3.51179809237044e-06,1.00366658393123,29.8053348899949
CBC_1127,CBC_1127_MSI_TV_v3_Vset3_Tset3_2024-06-26_17h06.56.696.csv,2,13,2,3,z,0,1,1,tac,D,63,1,2,3,0,1,b,2.79924729999766,1,0,0,0,2,3,D23,2.23359222150709,0.499998957435839,0.499997448457848,0.499999780513101,0.500001865642134,0.499999780513101,0.500001865642134,0.4999989574372,0.5000010425628,0.499999476807278,0.499999476807278,-0.4999989574372,-1.75589538491517e-06,0.5,3.51179809237044e-06,1.00366658393123,29.8053348899949
CBC_1127,CBC_1127_MSI_TV_v3_Vset3_Tset3_2024-06-26_17h06.56.696.csv,2,14,2,0,b,1,0,2,tac,C,27,1,2,0,1,0,b,2.13409439999668,1,0,1,1,2,0,C20,2.67414864942653,0.499998957435839,0.499997448457848,0.499997201541815,0.500001865642134,0.499997201541815,0.499998957435839,0.499999122049616,0.500000877950384,0.499999559415269,0.499999559415269,0.500000877950384,1.75590212936971e-06,0.5,3.51179809237044e-06,1.00366658393123,29.8053348899949
CBC_1127,CBC_1127_MSI_TV_v3_Vset3_Tset3_2024-06-26_17h06.56.696.csv,2,15,0,1,b,1,0,0,tac,A,63,1,0,1,1,0,z,2.66384799999651,0,1,0,0,1,0,A01,2.30258509299405,0.499998957435839,0.499997448457848,0.500000877951745,0.500001865642134,0.499997448457848,0.499998957435839,0.499999245508293,0.500000754491707,0.499999621370943,0.499999621370943,-0.499999245508293,-1.75589639656268e-06,0.5,3.51179809237044e-06,1.00366658393123,29.8053348899949
CBC_1127,CBC_1127_MSI_TV_v3_Vset3_Tset3_2024-06-26_17h06.56.696.csv,2,16,1,3,b,1,0,3,tac,B,27,1,1,3,1,0,b,2.55127539999376,1,0,1,1,1,3,B13,3.43398720448515,0.499998957435839,0.499997489611896,0.500000877951745,0.500001865642134,0.499997489611896,0.500001865642134,0.49999781198347,0.50000218801653,0.499998901980462,0.499998901980462,0.50000218801653,1.7559067300575e-06,0.5,3.51179809237044e-06,1.00366658393123,29.8053348899949
CBC_1127,CBC_1127_MSI_TV_v3_Vset3_Tset3_2024-06-26_17h06.56.696.csv,2,17,3,2,z,0,1,2,tac,C,63,1,3,2,0,1,z,3.00948159999825,0,1,1,1,2,3,C32,3.46573590279973,0.499998957435839,0.4999995678902,0.500000877951745,0.500001865642134,0.500000877951745,0.500001865642134,0.49999950615616,0.50000049384384,0.49999975217272,0.49999975217272,0.50000049384384,1.75590078046508e-06,0.5,3.51179809237044e-06,1.00366658393123,29.8053348899949
CBC_1127,CBC_1127_MSI_TV_v3_Vset3_Tset3_2024-06-26_17h06.56.696.csv,2,18,2,3,z,0,1,1,tac,D,63,0,2,3,1,0,z,2.59401439999783,0,1,1,0,3,2,D23,2.11021320034659,0.499998957435839,0.4999995678902,0.500001262056941,0.500001865642134,0.500001865642134,0.500001262056941,0.500000301791653,0.499999698208347,0.500000151449099,0.500000151449099,-0.500000301791653,-1.75590010601657e-06,0.5,3.51179809237044e-06,1.00366658393123,29.8053348899949
CBC_1127,CBC_1127_MSI_TV_v3_Vset3_Tset3_2024-06-26_17h06.56.696.csv,2,19,1,0,b,1,0,3,tac,B,63,1,1,0,1,0,b,2.76213079999434,1,0,1,1,1,0,B10,2.83321334405622,0.499998957435839,0.4999995678902,0.500001262056941,0.499998545891547,0.4999995678902,0.499998957435839,0.500000305227631,0.499999694772369,0.500000153173387,0.500000153173387,0.499999694772369,1.75589797428741e-06,0.5,3.51179809237044e-06,1.00366658393123,29.8053348899949
CBC_1127,CBC_1127_MSI_TV_v3_Vset3_Tset3_2024-06-26_17h06.56.696.csv,2,20,2,0,z,0,1,0,tac,A,27,1,2,0,0,1,z,2.5063233999972,0,1,1,1,0,2,A20,3.55534806148941,0.499998957435839,0.500002061125605,0.500001262056941,0.499998545891547,0.499998957435839,0.500001262056941,0.499998847689702,0.500001152310298,0.49999942173233,0.49999942173233,0.500001152310298,1.75590309286633e-06,0.5,3.51179809237044e-06,1.00366658393123,29.8053348899949
CBC_1127,CBC_1127_MSI_TV_v3_Vset3_Tset3_2024-06-26_17h06.56.696.csv,2,21,0,3,z,0,1,1,tac,D,9,1,0,3,0,1,z,2.32585249999829,0,1,1,1,3,0,D03,3.58351893845611,0.500000603592795,0.500002061125605,0.500001262056941,0.499998545891547,0.499998545891547,0.500000603592795,0.499998971148501,0.500001028851499,0.499999483688065,0.499999483688065,0.500001028851499,1.75590265930395e-06,0.5,3.51179809237044e-06,1.00366658393123,29.8053348899949
CBC_1127,CBC_1127_MSI_TV_v3_Vset3_Tset3_2024-06-26_17h06.56.696.csv,2,22,2,3,b,1,0,2,tac,C,63,1,2,3,1,0,b,2.4623239999928,1,0,1,1,2,3,C23,2.91777073208428,0.500000603592795,0.500002061125605,0.500001262056941,0.50000072705116,0.500001262056941,0.50000072705116,0.500000267502358,0.499999732497642,0.500000134241589,0.500000134241589,0.499999732497642,1.75589810677095e-06,0.5,3.51179809237044e-06,1.00366658393123,29.8053348899949
CBC_1127,CBC_1127_MSI_TV_v3_Vset3_Tset3_2024-06-26_17h06.56.696.csv,2,23,3,1,z,0,1,3,tac,B,27,1,3,1,0,1,z,2.45899669999199,0,1,1,1,1,3,B31,3.63758615972639,0.500000603592795,0.500002061125605,0.500002023400465,0.50000072705116,0.500002061125605,0.50000072705116,0.500000667035363,0.499999332964637,0.500000334740552,0.500000334740552,0.499999332964637,1.75589670369171e-06,0.5,3.51179809237044e-06,1.00366658393123,29.8053348899949
CBC_1127,CBC_1127_MSI_TV_v3_Vset3_Tset3_2024-06-26_17h06.56.696.csv,2,24,3,2,z,0,1,2,tac,C,63,1,3,2,0,1,z,2.47703969999566,0,1,1,1,2,3,C32,2.9704144655697,0.500000603592795,0.500002422932066,0.500002023400465,0.50000072705116,0.500002023400465,0.50000072705116,0.500000648172869,0.499999351827131,0.500000325274725,0.500000325274725,0.499999351827131,1.75589676993298e-06,0.5,3.51179809237044e-06,1.00366658393123,29.8053348899949
CBC_1127,CBC_1127_MSI_TV_v3_Vset3_Tset3_2024-06-26_17h06.56.696.csv,2,25,2,3,z,0,1,1,tac,D,63,1,2,3,0,1,z,2.66529969999101,0,1,1,1,3,2,D23,2.07944154167984,0.500000603592795,0.500002422932066,0.500002404069639,0.50000072705116,0.50000072705116,0.500002404069639,0.499999161493386,0.500000838506614,0.499999579209465,0.499999579209465,0.500000838506614,1.75590199085115e-06,0.5,3.51179809237044e-06,1.00366658393123,29.8053348899949
CBC_1127,CBC_1127_MSI_TV_v3_Vset3_Tset3_2024-06-26_17h06.56.696.csv,2,26,1,0,b,1,0,3,tac,B,63,1,1,0,1,0,b,2.43587819999084,1,0,1,1,1,0,B10,2.6149597780362,0.500000603592795,0.500002422932066,0.500002404069639,0.500000917395377,0.500002422932066,0.500000603592795,0.500000909666883,0.499999090333117,0.500000456501126,0.500000456501126,0.499999090333117,1.7558958516188e-06,0.5,3.51179809237044e-06,1.00366658393123,29.8053348899949
CBC_1127,CBC_1127_MSI_TV_v3_Vset3_Tset3_2024-06-26_17h06.56.696.csv,2,27,0,3,b,1,0,0,tac,A,9,1,0,3,1,0,b,3.02411679999932,1,0,1,1,0,3,A03,3.73766961828337,0.500000603592795,0.500002665562734,0.500002404069639,0.500000917395377,0.500000603592795,0.500000917395377,0.499999843098948,0.500000156901052,0.499999921261828,0.499999921261828,0.500000156901052,1.75589959719004e-06,0.5,3.51179809237044e-06,1.00366658393123,29.8053348899949
CBC_1127,CBC_1127_MSI_TV_v3_Vset3_Tset3_2024-06-26_17h06.56.696.csv,2,28,2,3,z,0,1,1,tac,D,63,1,2,3,0,1,z,3.53532739999355,0,1,1,1,3,2,D23,1.96944064646551,0.500001598998545,0.500002665562734,0.500002404069639,0.500000917395377,0.500000917395377,0.500002404069639,0.499999256665338,0.500000743334662,0.499999626969919,0.499999626969919,0.500000743334662,1.75590165662647e-06,0.5,3.51179809237044e-06,1.00366658393123,29.8053348899949
CBC_1127,CBC_1127_MSI_TV_v3_Vset3_Tset3_2024-06-26_17h06.56.696.csv,2,29,2,0,b,1,0,2,tac,C,27,1,2,0,1,0,b,2.57753569999477,1,0,1,1,2,0,C20,2.68557734525015,0.500001598998545,0.500002665562734,0.500002404069639,0.500001012566994,0.500002404069639,0.500001598998545,0.500000402533936,0.499999597466064,0.50000020200493,0.50000020200493,0.499999597466064,1.75589763256731e-06,0.5,3.51179809237044e-06,1.00366658393123,29.8053348899949
CBC_1127,CBC_1127_MSI_TV_v3_Vset3_Tset3_2024-06-26_17h06.56.696.csv,2,30,1,0,z,0,1,0,tac,A,63,1,1,0,0,1,z,2.49318179999682,0,1,1,1,0,1,A10,3.11351530921037,0.500001598998545,0.500002665562734,0.500002158431568,0.500001012566994,0.500001598998545,0.500002665562734,0.499999466720179,0.500000533279821,0.499999732382432,0.499999732382432,0.500000533279821,1.75590091895628e-06,0.5,3.51179809237044e-06,1.00366658393123,29.8053348899949
CBC_1127,CBC_1127_MSI_TV_v3_Vset3_Tset3_2024-06-26_17h06.56.696.csv,2,31,1,0,b,1,0,3,tac,B,63,1,1,0,1,0,b,2.39090539999597,1,0,1,1,1,0,B10,2.4423470353692,0.500001222621098,0.500002665562734,0.500002158431568,0.500001012566994,0.500002665562734,0.500001222621098,0.500000721468013,0.499999278531987,0.500000362056668,0.500000362056668,0.499999278531987,1.75589651253523e-06,0.5,3.51179809237044e-06,1.00366658393123,29.8053348899949
CBC_1127,CBC_1127_MSI_TV_v3_Vset3_Tset3_2024-06-26_17h06.56.696.csv,2,32,3,1,b,1,0,1,tac,D,27,1,3,1,1,0,b,2.42130299999553,1,0,1,1,3,1,D31,3.85014760171006,0.500001222621098,0.500002477364525,0.500002158431568,0.500001012566994,0.500001012566994,0.500002477364525,0.49999926760379,0.50000073239621,0.499999632459199,0.499999632459199,0.500000732396209,1.75590161821283e-06,0.5,3.51179809237044e-06,1.00366658393123,29.8053348899949
CBC_1127,CBC_1127_MSI_TV_v3_Vset3_Tset3_2024-06-26_17h06.56.696.csv,2,33,3,2,z,0,1,2,tac,C,63,1,3,2,0,1,z,2.47525169999426,0,1,1,1,2,3,C32,2.77258872223978,0.500001222621098,0.500002477364525,0.500002158431568,0.500001023505409,0.500002158431568,0.500001023505409,0.500000567461274,0.499999432538726,0.500000284770959,0.500000284770959,0.499999432538726,1.7558970533758e-06,0.5,3.51179809237044e-06,1.00366658393123,29.8053348899949
CBC_1127,CBC_1127_MSI_TV_v3_Vset3_Tset3_2024-06-26_17h06.56.696.csv,2,34,1,0,b,1,0,3,tac,B,63,1,1,0,1,0,b,2.41919749999215,1,0,1,1,1,0,B10,2.28238238567653,0.500001222621098,0.500002477364525,0.500002323358328,0.500001023505409,0.500002477364525,0.500001222621098,0.500000627369392,0.499999372630608,0.500000314834847,0.500000314834847,0.499999372630608,1.75589684299059e-06,0.5,3.51179809237044e-06,1.00366658393123,29.8053348899949
CBC_1127,CBC_1127_MSI_TV_v3_Vset3_Tset3_2024-06-26_17h06.56.696.csv,2,35,0,1,b,1,0,0,tac,A,63,1,0,1,1,0,b,2.1207327000011,1,0,1,1,0,1,A01,2.52572864430826,0.500001222621098,0.500002383266235,0.500002323358328,0.500001023505409,0.500001222621098,0.500002383266235,0.499999419679524,0.500000580320476,0.499999708775865,0.499999708775865,0.500000580320476,1.75590108415356e-06,0.5,3.51179809237044e-06,1.00366658393123,29.8053348899949
CBC_1127,CBC_1127_MSI_TV_v3_Vset3_Tset3_2024-06-26_17h06.56.696.csv,2,36,1,2,z,0,1,2,tac,C,9,1,1,2,0,1,z,2.27370689999225,0,1,1,1,2,1,C12,3.93182563272433,0.500001175580608,0.500002383266235,0.500002323358328,0.500001023505409,0.500002323358328,0.500002383266235,0.499999970046187,0.500000029953813,0.49999998496818,0.49999998496818,0.500000029953813,1.75589915137696e-06,0.5,3.51179809237044e-06,1.00366658393123,29.8053348899949
CBC_1127,CBC_1127_MSI_TV_v3_Vset3_Tset3_2024-06-26_17h06.56.696.csv,2,37,1,0,z,0,1,0,tac,A,63,1,1,0,0,1,z,2.42601309999736,0,1,1,1,0,1,A10,2.85263142991332,0.500001175580608,0.500002383266235,0.500001725945339,0.500001023505409,0.500001175580608,0.500002383266235,0.499999396159336,0.500000603840665,0.499999696972652,0.499999696972652,0.500000603840664,1.75590116675172e-06,0.5,3.51179809237044e-06,1.00366658393123,29.8053348899949
CBC_1127,CBC_1127_MSI_TV_v3_Vset3_Tset3_2024-06-26_17h06.56.696.csv,2,38,3,1,b,1,0,1,tac,D,27,1,3,1,1,0,b,2.74658610000188,1,0,1,1,3,1,D31,3.27714473299218,0.500001152060502,0.500002383266235,0.500001725945339,0.500001023505409,0.500001023505409,0.500002383266235,0.499999320121903,0.500000679878097,0.499999658814536,0.499999658814536,0.500000679878097,1.75590143377983e-06,0.5,3.51179809237044e-06,1.00366658393123,29.8053348899949
CBC_1127,CBC_1127_MSI_TV_v3_Vset3_Tset3_2024-06-26_17h06.56.696.csv,2,39,0,1,z,0,1,3,tac,B,63,1,0,1,0,1,z,2.55318769999576,0,1,1,1,1,0,B01,3.29583686600433,0.500001152060502,0.500002383266235,0.500001725945339,0.500001076023337,0.500002383266235,0.500001152060502,0.50000061560069,0.49999938439931,0.500000308928921,0.500000308928921,0.49999938439931,1.75589688431989e-06,0.5,3.51179809237044e-06,1.00366658393123,29.8053348899949
CBC_1127,CBC_1127_MSI_TV_v3_Vset3_Tset3_2024-06-26_17h06.56.696.csv,2,40,2,3,b,1,0,2,tac,C,63,0,2,3,0,1,b,2.44928709999658,1,0,1,0,2,3,C23,2.90872089656436,0.500001152060502,0.500002371497574,0.500001725945339,0.500001076023337,0.500001725945339,0.500001076023337,0.500000324960091,0.49999967503991,0.500000163075792,0.500000163075792,-0.500000324960091,-1.75590018737945e-06,0.5,3.51179809237044e-06,1.00366658393123,29.8053348899949
CBC_1127,CBC_1127_MSI_TV_v3_Vset3_Tset3_2024-06-26_17h06.56.696.csv,2,41,2,0,z,0,1,0,tac,A,27,1,2,0,0,1,z,2.42005729999801,0,1,1,1,0,2,A20,3.3322045101752,0.500001152060502,0.500002371497574,0.499998569059903,0.500001076023337,0.500001152060502,0.499998569059903,0.50000129150066,0.49999870849934,0.500000648118028,0.500000648118028,0.49999870849934,1.75589451069567e-06,0.5,3.51179809237044e-06,1.00366658393123,29.8053348899949
CBC_1127,CBC_1127_MSI_TV_v3_Vset3_Tset3_2024-06-26_17h06.56.696.csv,2,42,3,2,b,1,0,1,tac,D,63,1,3,2,1,0,b,2.44630339999276,1,0,1,1,3,2,D32,4.04305126783455,0.50000304739517,0.500002371497574,0.499998569059903,0.500001076023337,0.500001076023337,0.499998569059903,0.500001253482162,0.499998746517838,0.50000062903908,0.50000062903908,0.499998746517838,1.75589464420896e-06,0.5,3.51179809237044e-06,1.00366658393123,29.8053348899949
CBC_1127,CBC_1127_MSI_TV_v3_Vset3_Tset3_2024-06-26_17h06.56.696.csv,2,43,3,1,z,0,1,3,tac,B,27,1,3,1,0,1,z,2.6413734999951,0,1,1,1,1,3,B31,3.36729582998647,0.50000304739517,0.500002371497574,0.499998569059903,0.500003009376806,0.500002371497574,0.500003009376806,0.4999996810621,0.5000003189379,0.499999839946344,0.499999839946344,0.5000003189379,1.75590016623073e-06,0.5,3.51179809237044e-06,1.00366658393123,29.8053348899949
CBC_1127,CBC_1127_MSI_TV_v3_Vset3_Tset3_2024-06-26_17h06.56.696.csv,2,44,2,3,b,1,0,2,tac,C,63,1,2,3,1,0,z,2.6685284999985,0,1,0,0,3,2,C23,2.69124308278583,0.50000304739517,0.500001436962267,0.499998569059903,0.500003009376806,0.500003009376806,0.499998569059903,0.500002220154947,0.499997779845053,0.500001114147666,0.500001114147666,-0.500002220154947,-1.75590684292113e-06,0.5,3.51179809237044e-06,1.00366658393123,29.8053348899949
